- -0:
  - hex: 0x8000
  - M: 0
  - E: 1 - bias = -14
- Smallest value > 2:
  - hex: 0x4001
  - M: 1 + 1/(2^10) = 1025/1024
  - E: 1
- 512:
  - hex: 0x6000
  - M: 1
  - E: 9
  - V: 512
- Largest denormalize value:
  - hex: 0x03ff
  - M: 0.11...1 = 1 - 1/(2^10) = 1023/1024
  - E: -14
  - V: 1023/(2^24)
  - D: 6.097555160522461e-05
- -inf:
  - hex: 0xfc00
- Number with hexadecimal 0x3BB0
  - M: (1.1110110000)_2 = 2^(-6) * (2^7 - 1 - 2^2) = 123/64
  - E: 0
  - V: 123/64
  - D: 1.921875
